NO textures/blueWall64x64.xpm
SO textures/redWall64x64.xpm
WE textures/blueWall64x64.xpm
EA textures/redWall64x64.xpm
C 255,0,0
F 0,0,255
KEY: 43 7
KEY: 37 8
KEY: 29 29
KEY: 27 15
KEY: 30 17
KEY: 33 17
KEY: 33 30
KEY: 37 12
KEY: 23 21
KEY: 38 33
KEY: 13 16
KEY: 20 3
         111111111111111111111111111111111111     
         100000010001000100010001000100000001     
         110101000101100110110011100101000101     
         100001000000000100200000000100000101     
         100001011001000101110111000101110001     
         100000000001000101000100000000000001     
         100001000111000111000101100101001111     
         100001000000000100010001000000000101     
         101101000101100100000111011100110121     
         100000010000000101000001000000000001     
         110011010001110101010101000111011001     
         100001000000000101010001000101000001     
         110001100101010121010001011101010101     
         100001000000000001000100020101000001     
         110111000000010111110111110101000101     
         100101000000010100010100020001010001     
         101101000101010121111111010011110001     
         100102000001000101002001010001000001     
         100111000111010100011111010101000001     
         111000000100000100000100111111111111     
           10010101000111001100011                
           10000101000101000100001                
           10101101010121110001011                
           10000000010101010000001                
           11010111010001000110101                
           10000000000000000000001                
           10011111100101010101111                
           10000100000100000001001                
           10110101111101010111101                
           1001000101000S000101001111111          
           10110111010011101121010001001          
           10010000000000000100000000001          
           10111100000101000110000111121          
           10000001010000000100010001001          
           11000111000001111100000001111          
           10000000000001010000000100001          
           10011111000111010100011100001          
           10000000000100000100000001001          
           11111111001100000101001101101          
                100002000000100000001001          
                101011101100000000101001          
                100010000000103010000111          
                1000101010000001101101            
                1000100000100000000001            
                1111111010101010101001            
                1000000010100000101001            
                1011000010111011101101            
                1010000000000000001001            
                1000000000001010000001            
                1111111111111111111111            
