make maze done
standardize maze done
make door done
open maze done
                111111111111111111111111111111111 
                100000001000000010000000100000001 
                101001101000110010100010000011101 
                100000101000100010000000001010101 
                101001101111112111110010100010111 
                100000100000000000100000000010001 
                101000111000001011110001101010001 
                100000000000101000000000000010001 
                111000101111101000010111211110001 
                100000000000001000000010000000101 
                101001101000101000100011101110101 
                101000000010100000000000101010001 
                101110100010001211100010111011101 
                100000000000101000100010000000101 
                101010001001111111111011101101111 
                1000000010000000001010000010001   
                1100111010001211101010000000101   
                1000000010001020100000101000001   
                1100100010101111100010101011121   
                1000100010101000000000001010001   
                1000100010101110011110000010101   
                1000000000000000000000100010001   
                1000101011101000001110110010001   
                1000001010001000100000000010101   
                1110011000000011111111111111111   
                1000000010100001                  
                1000110110001101                  
                1000100000101001                  
                101110101P101101                  
                1010001000000001                  
                1000000011100001                  
                1000100000000001                  
    11111111111110101010010010011111111111        
    10000000000000000000000000001000101001        
    10000011111111111010101110001011100001        
    10000000100000100010000010000010000001        
    10001000111211101011010000101111100011        
    10001010000000000000000010000002000001        
    11001011111010101001101000101011111111        
    10000000101000000000000000001010100001        
    10101110000010111010111011101010101101        
    10000000101000000000100000000010201001        
    10000000000010010010111000011110111111        
    11111111110000000000000000000010000001        
             10001101011101110121110101001        
             10000100000101010102000001001        
             10110100001101211111011101011        
             10010001000100000001000100001        
             10000101000100010001000000001        
             11111111111111111111111111111        
